3000.98
2250.3
3124.36
2889.15
1815.43
3537.43
3250.83
1293.9
2241.66
935.642
2244.67
2242.06
1859.88
2363.14
1875.11
1877.38
2318.64
3050.69
2252.57
3365.19
2688.12
2654.93
3063.18
3417.78
4067.49
2639.15
1772.34
4149.45
1620.41
2150.56
2027.53
1793.8
1165.4
1606.46
4281.78
2723.04
2193.41
1718.08
2248.17
2109.58
3263.6
2071.18
1785.24
3807.8
3193.19
1234.27
1185.01
3334.78
1668.94
1784.09
2299.11
4177.77
2062.46
3652.9
2598.04
2777.14
1919.61
2271.5
4109.12
2811.17
1539.55
1916.35
4173.75
1431
1669.87
2361.55
1775.8
2762.22
3696.39
2311.58
2462.39
1610.79
1439.85
3730.69
3544.04
2300.57
2654.64
2468.21
1135.92
2037.36
1905.45
2142.81
957.504
2816.83
3799.31
1091.85
3065.81
2635.73
2438.92
1792.16
1252.72
2139.17
2810.95
1955.23
1910.24
1663.84
2077.05
2023.46
6184.51
1109.89
1817.11
2611.38
1305.31
1584.54
3530.46
4641.96
2869.71
2420.28
1982.95
2283.65
2823.64
2839.45
2472.24
1930.42
2801.64
2383.76
2332.03
2138.64
1338.63
1633.34
2521.23
2835.67
3003.31
1626.38
2370.11
3542.5
2654.82
1830.33
1030.71
2979.51
3750.12
1438.73
1650.03
3395.8
3779.29
2311.77
2490.01
2403.04
3326.05
1151.88
2606.17
2561.49
1900.48
1927.77
3704.24
1733.04
2458.87
1431.27
2295.39
2152.87
2868.46
2875.75
2056.97
1969.54
2843.22
2731.63
2234.18
1622.46
3523.26
2133.03
1316.51
1315.51
4271.55
2607.65
2580.33
1028.2
2252.02
2302.21
2123.17
1178.42
2917.9
3116.99
2239.28
3300.22
926.637
5499.89
2207.76
2264.13
3037.49
1657.35
1520.35
1670.81
2417.83
2121.87
956.722
2819.13
3005.61
1615.33
2504.68
1637.99
5249.67
2339.41
2907.12
1720.35
2071.45
1886.06
2107.13
2494.13
2446.87
2183.74
1243.11
2989.54
2785.82
1190.41
2624.36
2612.61
1751.32
801.013
1158.71
1903.74
970.364
1463.98
2833.91
2594.38
2209.73
1542.32
3596.97
1339.61
3665.18
1766.97
1049.42
3616.97
2241.88
3216.25
3328.89
3690.96
2317.42
1156.38
3595.2
3090.67
2932.13
1347.3
2896.48
3757.49
3206.44
1771.85
2197.33
2196.33
2458.77
1118.64
3130.15
1937.52
1102.8
1448.95
2049.67
2752.7
1244.21
1118.25
2535.99
3188.96
6124.19
2166.39
1253.66
3690.09
3162.61
1155.96
2667.17
2575.29
2394.95
3591.73
2140.14
2834.71
1787.2
3016.26
1567.23
1471.09
2694.02
1413.68
2047.44
2326.23
1565.72
1724.26
969.502
2998.31
2248.29
2357.94
1881.39
2769.87
2248.22
2090.93
2283.3
4412.46
1739.18
2230.23
2296.02
2568.79
1746.83
3006.47
3025.49
2249.76
3835.94
1777.17
2390.06
3883.67
3675.49
2655.4
2380.41
2551.38
2070.17
3130.68
2589.73
2067.18
2699.85
1076.11
1600.64
2368.35
2676.45
2452.44
3487.12
2774.78
3511.6
2011.9
2753.46
1918.34
2010.57
1936.35
1923.14
2719.71
3963.44
4478.17
2974.56
3404.44
3950.52
4146.2
3775.98
1990.73
1952.6
3786.6
2149.92
1892.6
3767.43
1772.89
1821.93
1043.15
2901.22
3533.25
851.59
1940.49
2302.7
862.297
3104.62
2237.01
2373.89
2622.78
2727.19
805.922
1979.3
2247.69
3714.52
1941.47
1441.97
3370.21
1144.86
2021.48
3370.88
2751.53
2494.65
3760.61
1696.06
3328.12
2062.56
1753.87
2519.5
1378.86
2233.42
2623.78
2042.44
1282.77
3401.81
2781.27
4294.02
3132.39
3694.01
2090
2216.75
1564.07
2015.52
1459.35
1534.85
1590.62
3012.13
2975.39
2671.09
3338.67
4244.83
2120.47
2281.53
2580.13
2573.06
2082.21
1892.11
1956.83
3899.75
2354.91
1655.77
1193.38
2977.95
2302.99
1288.29
2485.36
1311.03
2181.64
2551.05
1771.72
4003.92
2090.44
2575.69
2574.69
1779.37
1778.37
2868.48
1690.64
3336.51
2822.5
2587.21
1820
2371.59
2139.56
2585.87
2137.56
5424.63
1051.74
2021.11
2632.78
2925.58
3504.21
4370.44
2441.13
2371.29
2855.92
2556.49
2744.3
2668.38
1699.89
4262.2
3541.56
3540.56
2455.56
2402.21
2437.45
2377.43
2818.69
2361.34
2329.18
3667.62
2759.39
1363.26
3062.09
3047.49
3012.49
1367.87
3245.37
2992.41
1775.82
3641.68
3566.13
5179.55
2667.97
2677.18
3356.26
1345.16
2861.59
3327.09
671.021
1654.98
2104.41
2207.56
1641.04
2030.63
2126.23
795.057
1930.79
4089.4
2527.38
1380.56
1618.09
2628.66
1044.73
4225.74
2134.93
4267.68
1620.42
2059.65
3786.68
1569.14
2681.18
2312.83
1422.6
761.621
2916.63
1570.49
1021.34
2745.46
2724.84
2413.51
2825.77
3586.02
2824.46
1759.7
3831.96
763.948
1202.07
1843.54
1592.68
1927.68
1208.65
1134.74
1224.64
1727.06
2523.89
3710.7
1865.02
2338.54
1638.26
1155.14
2282.5
2591.91
2824.16
1939.45
1909.97
3315.45
2290.73
2341.89
2321.77
2426.6
3234.17
3993.75
2266.12
1348.12
3012.9
2281.81
1073.02
3815.65
4993.73
2148.02
2458.02
1586.91
1534.8
923.07
1519.82
2194.59
3830.19
2619.46
2886.37
3943.49
3039.24
3218.01
3059.2
2113.5
2476.96
1885.99
1492.29
2639.82
1009.71
2250.4
2767.82
2109.75
3045.68
4642.54
1411.8
2333.77
2842.63
3042.77
2565.29
3463.06
2712.48
1920.13
2248.31
2102.84
3679.31
2861.69
2141.88
2311.97
3488.04
2108.73
1074.64
2406.97
2016.54
2951.62
2002.94
3762.28
2868.89
2392.75
1809.22
2372.93
3125.07
1625.11
3985.99
2503.24
1117.59
2267.38
2429.65
5719.93
1758.71
1942.61
1026.07
1780.71
3249.03
1226.11
2356.98
2501.53
2509.66
2280.13
2465.12
2836.77
1377.02
2641.54
2551.22
1745.62
4433.58
2001.63
1457.34
2208.91
830.881
1195.77
1468.7
1138.68
1122.04
3709.1
2166.5
1887.7
3098.05
3183.7
3113.36
2825.43
1505.34
2214.5
2357.95
2370.95
2273.37
2524.66
1800.91
3275.39
3406.92
4512.91
1712.73
2392.23
1281.08
3057.79
2676.89
1675
3025
3278.1
1555.4
992.89
3096.05
2644.03
3360.76
2618.75
3566.84
3326.49
2602.13
2175.78
3584.55
2393.18
2363.34
3087.74
2097.28
1742.3
2625.94
2315.76
1059.81
1420.05
3425.54
3644.31
2216.39
3691.86
1064.51
2190.39
2933.1
3147.45
1762.24
1390.33
3480.52
1277.94
1391.8
2247.73
2901.34
1818.73
1691.66
1605.36
3338.34
1312.79
1232.96
1148.37
2027.39
2150.01
1932.23
2494.7
4106.02
2616.1
2498.31
3373.08
1600.68
2779.61
715.628
1147.41
2664.61
1370.54
3447.79
2027.64
1705.99
3532.91
2077.27
911.94
1973.47
1157.81
1426.34
794.314
2122.88
2233.82
1880.8
984.67
2642.09
1716.28
2980.12
4206.95
3812.96
1607.25
3946.69
4111.76
2228.62
1432.72
1770.75
2969.76
2456.63
2565.56
1311.34
3039.1
2367.12
2851.13
2397.83
3442.46
3108.69
3829.66
2740.4
3841.71
3202.13
2061.3
1355.26
2900.87
1453.86
1879.8
1583.41
2418.15
2289.97
2215.53
3609.71
1725.6
2901.18
3886.65
1373.24
1445.35
1908.33
1544.92
1147.12
1889.89
1903.83
3157.82
3154.17
1831.06
1435.42
3429.65
1880.08
2776.58
2674.32
1386.79
3694.53
2253.86
2822.06
1959.33
2918.01
4176.87
4075.85
3142.85
5378.78
2319.14
4866.57
1008.19
1989.02
2856.24
2916.39
2956.73
2121.14
1666.33
2635.59
1439.13
2124.37
1605.12
2202.36
3320.04
4658.31
2104.62
1351.57
3237.01
1918.33
2316.11
2538.48
1758.54
1866.17
3096.84
3201.87
2252.14
4049.48
2468.98
2908.31
2505.99
2163.2
1589.46
2124.23
2806.4
3048.23
2686.93
2079.4
1572.65
2757.31
2398.43
2733.47
1186.7
2231.58
2477.39
2527
3655.61
3727.52
3102.59
3526.95
2392.68
3191.84
2274.18
4845.45
2846.87
4183.81
1650.8
2873.3
1395.16
1971.61
1590.31
2478.79
1999.62
2627.74
2097.53
967.73
1941.88
1743.58
1473.49
3250.28
1478.61
2740.13
2401.02
2372.86
1162.39
1134.7
1622.2
3496.96
2383.7
1853.78
2334.97
3153.65
3202.93
3311.34
3469.95
1576.86
2162.59
2736.58
2976.51
2877.95
2263.53
2346.92
2637.67
3549.25
2620.93
1337.51
3754.71
1719.41
976.027
2066.57
4409.83
3617.95
2334.49
1885.17
3575.14
3316.08
3942.19
2547.43
4309.77
2202.01
2775.37
3104.81
2073.37
1601
4466.69
2967.89
3937.48
1590.05
4406.63
5472.19
2652.1
2024.14
2156.21
962.044
1518.53
1642.03
3193.87
1826.92
4670.02
2556.76
2641.68
3492.08
2302.73
2892.19
2849.76
1942.71
3080.5
3194.07
1908.55
1397.72
1976.46
3756.44
1826.14
3539.66
3193.43
3359.46
2568.55
864.341
3070.01
2872.4
1017.92
1081.7
3716.93
3635.11
3378.51
2923.47
2922.47
2450.52
2449.52
3125.33
3124.33
2569.07
2058.18
2353.19
2971.2
1888.72
2061.97
2363.81
3574.22
3546.96
2317.56
2630.66
3041.76
3849.15
3487.17
1551.44
1652.26
2173.71
1063.77
1032.48
2460.6
1913.75
2122.09
4125.91
1806.74
2105.6
2577.27
2576.27
2252.67
2251.67
2708.31
2707.31
1276.9
2555.01
2547.7
855.069
1682.52
1115.34
2069.56
2068.56
1516.02
2002.97
2733.98
2710.66
3042.79
3021.49
2992.65
836.737
3904.51
3874.91
3215.15
3214.15
2119.38
2422
2421
2268.67
2192.88
1951.76
3327.84
2050.02
1554.83
1740.44
1518.22
1564.8
1177.75
1625.17
3597.14
1969.41
3357.19
1241.47
3348.66
3333.16
2845.94
2844.94
2891.48
3950.67
3929.35
1914.7
3220.16
3207.34
2750.95
2644.07
1832.35
1831.35
2215.79
1451.8
2313.66
1969.3
3798.8
3797.8
2394.43
2393.43
3377.9
3144.84
1017.94
2390.05
3065.94
1406.03
2646.32
2103.36
3526.24
2794.78
5420.56
821.963
2658.17
2800.46
2960.55
3192.82
2705.43
2482.62
2082.14
3083.03
2562.68
2960.2
4023.79
1595.15
1733.62
1471.93
3304.61
3137.55
2982.71
3463.84
2604.28
2252.89
3101.42
1028.74
2435.13
2100.76
2515.51
2515.83
2418.44
3595.89
2563.57
2427.69
3844.92
2648.69
2900.8
3062.23
1633.88
1627.06
2687.96
2245.89
1239.97
2376.02
2562.71
2458.28
4530.22
3426.28
3047.64
2810.34
3237.15
2932.36
3404.34
2929.48
1947.36
2477.25
1942.13
3185.52
3525.55
1826.98
1830.73
2769.5
3238.76
2871.86
2384.88
2258.8
1951.68
2360.46
4574.91
3515.13
1192.42
2487.75
2188.63
1703.49
1786.13
2269.42
4203.26
3255.06
3533.65
2719.93
2938.94
3779.15
1601.35
2890.81
2954.7
1855.06
2745.67
3139.76
2235.65
971.298
2259.03
1374.07
1078.01
2881.9
2230.43
1692.62
1740.71
2270.16
2109.49
1334.33
3166.34
3165.34
4662.52
5010.59
2164.36
3235.93
1861.35
1586.6
2873.77
3645.12
2610.21
1884.47
1762.19
1957.84
3572.66
2523.54
1392.05
1627.79
2487.3
1548.37
2163.91
1653.68
4487.02
1396.52
2717.89
3107.22
1837.64
1292.04
1516.17
1906.23
2766.5
2517.35
2489.75
1316.71
4431.34
4001.7
5333.47
5360.05
2839.99
5530.42
2658.51
2648.01
2107.77
2735.84
3391.47
4149.39
781.703
1235.19
2609.74
1401.43
1631.57
2478.97
2766.45
1891.8
1270.17
2726.65
1501.66
2159.64
2721.99
2467.48
2793.08
2043.63
1400.32
1298.71
1277.93
3196.55
2297.16
3257.63
1700.79
1727.67
2612.38
2340.84
3943.71
2608.98
1952.62
1894.21
2336.62
2892.89
1709.91
1805.98
1084.74
1323.55
3086.96
1401.3
1161.64
3836.84
2496.78
2958.7
2183.38
2755.46
1811.7
3292.6
3790.96
1857.34
2168.83
2983.23
2657.26
3763.79
1540.04
2454.57
3929.31
2975.55
1921.38
3384.17
2568.46
3186.51
3595.02
3568.1
3821.72
3047.76
1850.27
2353.07
1200.73
1127.9
1171.37
2644.21
2361.29
2410.9
2547.56
2938.86
3015.91
1528.14
2972.83
3972.57
2989.81
2789.65
1548.48
2973.3
2891.02
3606.62
3363.18
3465.24
4480.19
3672.13
2274.45
1863.15
1390.91
3239.94
4837.93
4506.25
2391.43
1871.75
2829.28
2337.76
3998.93
3752.29
1666.63
2045.82
2671.24
2241.65
3912.74
2100.87
2778.99
1991.25
2958.29
2186.85
2276.89
1690.41
1558.28
3192.65
3350.2
1373.71
1962.23
1493.01
2641.23
3450.93
2281.11
3570.66
2062.39
4284.41
1397.15
3292.07
2431.48
3013.27
2356.89
2246.82
2032.59
2959.09
1949.51
1577.6
2134.54
3012.88
3329.8
1960.76
2330.15
2452.34
3506.1
1950.04
2197.9
2803.5
1850.58
2617.63
1846.42
2122.03
2689.44
1325.66
1147.2
3293.65
2603.63
2314.99
3573.96
2912.16
1870.03
2614.84
2634.06
3735.55
1499.42
2571.11
3444.94
2570.46
2980.67
2731.75
1516.39
3616.34
1896.71
3662.25
1591.82
2471.05
4389.26
3388.44
1444.24
2998.25
2496.35
3623.52
2987.21
1687.28
1624.65
2710.62
2644.38
2342.65
3035.45
2840.19
2351.94
2162.38
2781.88
2818.14
2399.49
2608.37
2436.84
2720.99
3037.77
2223.5
1197.04
3087.52
2137.4
1741.59
2252.54
2166.47
4057.39
2464.57
3599.72
1472.7
4382.1
4134.63
2089.61
2129.73
1276.61
2139.17
2654.99
848.391
1118.45
2436.11
2053.65
2807.66
1541.59
3474.79
2889.66
1527.42
3559.14
2872.88
1545.1
1810.44
3461.22
2003.94
2002.98
2168.7
2218.12
1789.4
1692.62
4957.84
3193.59
3044.48
1809.05
3026.33
5264.17
2890.3
1260.81
1553.1
1228.99
3030.82
3382.67
2518.18
1856.78
936.374
2228.41
1497.35
2048.97
3370.92
1948.31
2626.24
3144.19
3160.88
2397.29
2302.1
1873.53
3861.9
3900.59
1493.42
2255.62
3410.27
1672.66
2617.83
2997.14
1977.09
1899.58
1733.86
1826.4
1814.36
1452.04
3049.84
4552.63
2914.44
2162.07
4797.34
1878.74
1807.82
2870.48
3450.13
2622.95
1590.39
1984.48
2236.31
3306.82
2229.29
3500.47
2186.55
3380.35
1891.01
3083.89
1641.72
2430.2
2819.61
2448.77
3656.94
2160.32
2859.25
1700.75
3319.7
3000.98
2250.3
3124.36
2889.15
1815.43
3537.43
3250.83
1293.9
2241.66
935.642
2244.67
2242.06
1859.88
2363.14
1875.11
1877.38
2318.64
3050.69
2252.57
3365.19
2688.12
2654.93
3063.18
3417.78
4067.49
2639.15
1772.34
4149.45
1620.41
2150.56
2027.53
1793.8
1165.4
1606.46
4281.78
2723.04
2193.41
1718.08
2248.17
2109.58
3263.6
2071.18
1785.24
3807.8
3193.19
1234.27
1185.01
3334.78
1668.94
1784.09
2299.11
4177.77
2062.46
3652.9
2598.04
2777.14
1919.61
2271.5
4109.12
2811.17
1539.55
1916.35
4173.75
1431
1669.87
2361.55
1775.8
2762.22
3696.39
2311.58
2462.39
1610.79
1439.85
3730.69
3544.04
2300.57
2654.64
2468.21
1135.92
2037.36
1905.45
2142.81
957.504
2816.83
3799.31
1091.85
3065.81
2635.73
2438.92
1792.16
1252.72
2139.17
2810.95
1955.23
1910.24
1663.84
2077.05
2023.46
6184.51
1109.89
1817.11
2611.38
1305.31
1584.54
3530.46
4641.96
2869.71
2420.28
1982.95
2283.65
2823.64
2839.45
2472.24
1930.42
2801.64
2383.76
2332.03
2138.64
1338.63
1633.34
2521.23
2835.67
3003.31
1626.38
2370.11
3542.5
2654.82
1830.33
1030.71
2979.51
3750.12
1438.73
1650.03
3395.8
3779.29
2311.77
2490.01
2403.04
3326.05
1151.88
2606.17
2561.49
1900.48
1927.77
3704.24
1733.04
2458.87
1431.27
2295.39
2152.87
2868.46
2875.75
2056.97
1969.54
2843.22
2731.63
2234.18
1622.46
3523.26
2133.03
1316.51
1315.51
4271.55
2607.65
2580.33
1028.2
2252.02
2302.21
2123.17
1178.42
2917.9
3116.99
2239.28
3300.22
926.637
5499.89
2207.76
2264.13
3037.49
1657.35
1520.35
1670.81
2417.83
2121.87
956.722
2819.13
3005.61
1615.33
2504.68
1637.99
5249.67
2339.41
2907.12
1720.35
2071.45
1886.06
2107.13
2494.13
2446.87
2183.74
1243.11
2989.54
2785.82
1190.41
2624.36
2612.61
1751.32
801.013
1158.71
1903.74
970.364
1463.98
2833.91
2594.38
2209.73
1542.32
3596.97
1339.61
3665.18
1766.97
1049.42
3616.97
2241.88
3216.25
3328.89
3690.96
2317.42
1156.38
3595.2
3090.67
2932.13
1347.3
2896.48
3757.49
3206.44
1771.85
2197.33
2196.33
2458.77
1118.64
3130.15
1937.52
1102.8
1448.95
2049.67
2752.7
1244.21
1118.25
2535.99
3188.96
6124.19
2166.39
1253.66
3690.09
3162.61
1155.96
2667.17
2575.29
2394.95
3591.73
2140.14
2834.71
1787.2
3016.26
1567.23
1471.09
2694.02
1413.68
2047.44
2326.23
1565.72
1724.26
969.502
2998.31
2248.29
2357.94
1881.39
2769.87
2248.22
2090.93
2283.3
4412.46
1739.18
2230.23
2296.02
2568.79
1746.83
3006.47
3025.49
2249.76
3835.94
1777.17
2390.06
3883.67
3675.49
2655.4
2380.41
2551.38
2070.17
3130.68
2589.73
2067.18
2699.85
1076.11
1600.64
2368.35
2676.45
2452.44
3487.12
2774.78
3511.6
2011.9
2753.46
1918.34
2010.57
1936.35
1923.14
2719.71
3963.44
4478.17
2974.56
3404.44
3950.52
4146.2
3775.98
1990.73
1952.6
3786.6
2149.92
1892.6
3767.43
1772.89
1821.93
1043.15
2901.22
3533.25
851.59
1940.49
2302.7
862.297
3104.62
2237.01
2373.89
2622.78
2727.19
805.922
1979.3
2247.69
3714.52
1941.47
1441.97
3370.21
1144.86
2021.48
3370.88
2751.53
2494.65
3760.61
1696.06
3328.12
2062.56
1753.87
2519.5
1378.86
2233.42
2623.78
2042.44
1282.77
3401.81
2781.27
4294.02
3132.39
3694.01
2090
2216.75
1564.07
2015.52
1459.35
1534.85
1590.62
3012.13
2975.39
2671.09
3338.67
4244.83
2120.47
2281.53
2580.13
2573.06
2082.21
1892.11
1956.83
3899.75
2354.91
1655.77
1193.38
2977.95
2302.99
1288.29
2485.36
1311.03
2181.64
2551.05
1771.72
4003.92
2090.44
2575.69
2574.69
1779.37
1778.37
2868.48
1690.64
3336.51
2822.5
2587.21
1820
2371.59
2139.56
2585.87
2137.56
5424.63
1051.74
2021.11
2632.78
2925.58
3504.21
4370.44
2441.13
2371.29
2855.92
2556.49
2744.3
2668.38
1699.89
4262.2
3541.56
3540.56
2455.56
2402.21
2437.45
2377.43
2818.69
2361.34
2329.18
3667.62
2759.39
1363.26
3062.09
3047.49
3012.49
1367.87
3245.37
2992.41
1775.82
3641.68
3566.13
5179.55
2667.97
2677.18
3356.26
1345.16
2861.59
3327.09
671.021
1654.98
2104.41
2207.56
1641.04
2030.63
2126.23
795.057
1930.79
4089.4
2527.38
1380.56
1618.09
2628.66
1044.73
4225.74
2134.93
4267.68
1620.42
2059.65
3786.68
1569.14
2681.18
2312.83
1422.6
761.621
2916.63
1570.49
1021.34
2745.46
2724.84
2413.51
2825.77
3586.02
2824.46
1759.7
3831.96
763.948
1202.07
1843.54
1592.68
1927.68
1208.65
1134.74
1224.64
1727.06
2523.89
3710.7
1865.02
2338.54
1638.26
1155.14
2282.5
2591.91
2824.16
1939.45
1909.97
3315.45
2290.73
2341.89
2321.77
2426.6
3234.17
3993.75
2266.12
1348.12
3012.9
2281.81
1073.02
3815.65
4993.73
2148.02
2458.02
1586.91
1534.8
923.07
1519.82
2194.59
3830.19
2619.46
2886.37
3943.49
3039.24
3218.01
3059.2
2113.5
2476.96
1885.99
1492.29
2639.82
1009.71
2250.4
2767.82
2109.75
3045.68
4642.54
1411.8
2333.77
2842.63
3042.77
2565.29
3463.06
2712.48
1920.13
2248.31
2102.84
3679.31
2861.69
2141.88
2311.97
3488.04
2108.73
1074.64
2406.97
2016.54
2951.62
2002.94
3762.28
2868.89
2392.75
1809.22
2372.93
3125.07
1625.11
3985.99
2503.24
1117.59
2267.38
2429.65
5719.93
1758.71
1942.61
1026.07
1780.71
3249.03
1226.11
2356.98
2501.53
2509.66
2280.13
2465.12
2836.77
1377.02
2641.54
2551.22
1745.62
4433.58
2001.63
1457.34
2208.91
830.881
1195.77
1468.7
1138.68
1122.04
3709.1
2166.5
1887.7
3098.05
3183.7
3113.36
2825.43
1505.34
2214.5
2357.95
2370.95
2273.37
2524.66
1800.91
3275.39
3406.92
4512.91
1712.73
2392.23
1281.08
3057.79
2676.89
1675
3025
3278.1
1555.4
992.89
3096.05
2644.03
3360.76
2618.75
3566.84
3326.49
2602.13
2175.78
3584.55
2393.18
2363.34
3087.74
2097.28
1742.3
2625.94
2315.76
1059.81
1420.05
3425.54
3644.31
2216.39
3691.86
1064.51
2190.39
2933.1
3147.45
1762.24
1390.33
3480.52
1277.94
1391.8
2247.73
2901.34
1818.73
1691.66
1605.36
3338.34
1312.79
1232.96
1148.37
2027.39
2150.01
1932.23
2494.7
4106.02
2616.1
2498.31
3373.08
1600.68
2779.61
715.628
1147.41
2664.61
1370.54
3447.79
2027.64
1705.99
3532.91
2077.27
911.94
1973.47
1157.81
1426.34
794.314
2122.88
2233.82
1880.8
984.67
2642.09
1716.28
2980.12
4206.95
3812.96
1607.25
3946.69
4111.76
2228.62
1432.72
1770.75
2969.76
2456.63
2565.56
1311.34
3039.1
2367.12
2851.13
2397.83
3442.46
3108.69
3829.66
2740.4
3841.71
3202.13
2061.3
1355.26
2900.87
1453.86
1879.8
1583.41
2418.15
2289.97
2215.53
3609.71
1725.6
2901.18
3886.65
1373.24
1445.35
1908.33
1544.92
1147.12
1889.89
1903.83
3157.82
3154.17
1831.06
1435.42
3429.65
1880.08
2776.58
2674.32
1386.79
3694.53
2253.86
2822.06
1959.33
2918.01
4176.87
4075.85
3142.85
5378.78
2319.14
4866.57
1008.19
1989.02
2856.24
2916.39
2956.73
2121.14
1666.33
2635.59
1439.13
2124.37
1605.12
2202.36
3320.04
4658.31
2104.62
1351.57
3237.01
1918.33
2316.11
2538.48
1758.54
1866.17
3096.84
3201.87
2252.14
4049.48
2468.98
2908.31
2505.99
2163.2
1589.46
2124.23
2806.4
3048.23
2686.93
2079.4
1572.65
2757.31
2398.43
2733.47
1186.7
2231.58
2477.39
2527
3655.61
3727.52
3102.59
3526.95
2392.68
3191.84
2274.18
4845.45
2846.87
4183.81
1650.8
2873.3
1395.16
1971.61
1590.31
2478.79
1999.62
2627.74
2097.53
967.73
1941.88
1743.58
1473.49
3250.28
1478.61
2740.13
2401.02
2372.86
1162.39
1134.7
1622.2
3496.96
2383.7
1853.78
2334.97
3153.65
3202.93
3311.34
3469.95
1576.86
2162.59
2736.58
2976.51
2877.95
2263.53
2346.92
2637.67
3549.25
2620.93
1337.51
3754.71
1719.41
976.027
2066.57
4409.83
3617.95
2334.49
1885.17
3575.14
3316.08
3942.19
2547.43
4309.77
2202.01
2775.37
3104.81
2073.37
1601
4466.69
2967.89
3937.48
1590.05
4406.63
5472.19
2652.1
2024.14
2156.21
962.044
1518.53
1642.03
3193.87
1826.92
4670.02
2556.76
2641.68
3492.08
2302.73
2892.19
2849.76
1942.71
3080.5
3194.07
1908.55
1397.72
1976.46
3756.44
1826.14
3539.66
3193.43
3359.46
2568.55
864.341
3070.01
2872.4
1017.92
1081.7
3716.93
3635.11
3378.51
2923.47
2922.47
2450.52
2449.52
3125.33
3124.33
2569.07
2058.18
2353.19
2971.2
1888.72
2061.97
2363.81
3574.22
3546.96
2317.56
2630.66
3041.76
3849.15
3487.17
1551.44
1652.26
2173.71
1063.77
1032.48
2460.6
1913.75
2122.09
4125.91
1806.74
2105.6
2577.27
2576.27
2252.67
2251.67
2708.31
2707.31
1276.9
2555.01
2547.7
855.069
1682.52
1115.34
2069.56
2068.56
1516.02
2002.97
2733.98
2710.66
3042.79
3021.49
2992.65
836.737
3904.51
3874.91
3215.15
3214.15
2119.38
2422
2421
2268.67
2192.88
1951.76
3327.84
2050.02
1554.83
1740.44
1518.22
1564.8
1177.75
1625.17
3597.14
1969.41
3357.19
1241.47
3348.66
3333.16
2845.94
2844.94
2891.48
3950.67
3929.35
1914.7
3220.16
3207.34
2750.95
2644.07
1832.35
1831.35
2215.79
1451.8
2313.66
1969.3
3798.8
3797.8
2394.43
2393.43
3377.9
3144.84
1017.94
2390.05
3065.94
1406.03
2646.32
2103.36
3526.24
2794.78
5420.56
821.963
2658.17
2800.46
2960.55
3192.82
2705.43
2482.62
2082.14
3083.03
2562.68
2960.2
4023.79
1595.15
1733.62
1471.93
3304.61
3137.55
2982.71
3463.84
2604.28
2252.89
3101.42
1028.74
2435.13
2100.76
2515.51
2515.83
2418.44
3595.89
2563.57
2427.69
3844.92
2648.69
2900.8
3062.23
1633.88
1627.06
2687.96
2245.89
1239.97
2376.02
2562.71
2458.28
4530.22
3426.28
3047.64
2810.34
3237.15
2932.36
3404.34
2929.48
1947.36
2477.25
1942.13
3185.52
3525.55
1826.98
1830.73
2769.5
3238.76
2871.86
2384.88
2258.8
1951.68
2360.46
4574.91
3515.13
1192.42
2487.75
2188.63
1703.49
1786.13
2269.42
4203.26
3255.06
3533.65
2719.93
2938.94
3779.15
1601.35
2890.81
2954.7
1855.06
2745.67
3139.76
2235.65
971.298
2259.03
1374.07
1078.01
2881.9
2230.43
1692.62
1740.71
2270.16
2109.49
1334.33
3166.34
3165.34
4662.52
5010.59
2164.36
3235.93
1861.35
1586.6
2873.77
3645.12
2610.21
1884.47
1762.19
1957.84
3572.66
2523.54
1392.05
1627.79
2487.3
1548.37
2163.91
1653.68
4487.02
1396.52
2717.89
3107.22
1837.64
1292.04
1516.17
1906.23
2766.5
2517.35
2489.75
1316.71
4431.34
4001.7
5333.47
5360.05
2839.99
5530.42
2658.51
2648.01
2107.77
2735.84
3391.47
4149.39
781.703
1235.19
2609.74
1401.43
1631.57
2478.97
2766.45
1891.8
1270.17
2726.65
1501.66
2159.64
2721.99
2467.48
2793.08
2043.63
1400.32
1298.71
1277.93
3196.55
2297.16
3257.63
1700.79
1727.67
2612.38
2340.84
3943.71
2608.98
1952.62
1894.21
2336.62
2892.89
1709.91
1805.98
1084.74
1323.55
3086.96
1401.3
1161.64
3836.84
2496.78
2958.7
2183.38
2755.46
1811.7
3292.6
3790.96
1857.34
2168.83
2983.23
2657.26
3763.79
1540.04
2454.57
3929.31
2975.55
1921.38
3384.17
2568.46
3186.51
3595.02
3568.1
3821.72
3047.76
1850.27
2353.07
1200.73
1127.9
1171.37
2644.21
2361.29
2410.9
2547.56
2938.86
3015.91
1528.14
2972.83
3972.57
2989.81
2789.65
1548.48
2973.3
2891.02
3606.62
3363.18
3465.24
4480.19
3672.13
2274.45
1863.15
1390.91
3239.94
4837.93
4506.25
2391.43
1871.75
2829.28
2337.76
3998.93
3752.29
1666.63
2045.82
2671.24
2241.65
3912.74
2100.87
2778.99
1991.25
2958.29
2186.85
2276.89
1690.41
1558.28
3192.65
3350.2
1373.71
1962.23
1493.01
2641.23
3450.93
2281.11
3570.66
2062.39
4284.41
1397.15
3292.07
2431.48
3013.27
2356.89
2246.82
2032.59
2959.09
1949.51
1577.6
2134.54
3012.88
3329.8
1960.76
2330.15
2452.34
3506.1
1950.04
2197.9
2803.5
1850.58
2617.63
1846.42
2122.03
2689.44
1325.66
1147.2
3293.65
2603.63
2314.99
3573.96
2912.16
1870.03
2614.84
2634.06
3735.55
1499.42
2571.11
3444.94
2570.46
2980.67
2731.75
1516.39
3616.34
1896.71
3662.25
1591.82
2471.05
4389.26
3388.44
1444.24
2998.25
2496.35
3623.52
2987.21
1687.28
1624.65
2710.62
2644.38
2342.65
3035.45
2840.19
2351.94
2162.38
2781.88
2818.14
2399.49
2608.37
2436.84
2720.99
3037.77
2223.5
1197.04
3087.52
2137.4
1741.59
2252.54
2166.47
4057.39
2464.57
3599.72
1472.7
4382.1
4134.63
2089.61
2129.73
1276.61
2139.17
2654.99
848.391
1118.45
2436.11
2053.65
2807.66
1541.59
3474.79
2889.66
1527.42
3559.14
2872.88
1545.1
1810.44
3461.22
2003.94
2002.98
2168.7
2218.12
1789.4
1692.62
4957.84
3193.59
3044.48
1809.05
3026.33
5264.17
2890.3
1260.81
1553.1
1228.99
3030.82
3382.67
2518.18
1856.78
936.374
2228.41
1497.35
2048.97
3370.92
1948.31
2626.24
3144.19
3160.88
2397.29
2302.1
1873.53
3861.9
3900.59
1493.42
2255.62
3410.27
1672.66
2617.83
2997.14
1977.09
1899.58
1733.86
1826.4
1814.36
1452.04
3049.84
4552.63
2914.44
2162.07
4797.34
1878.74
1807.82
2870.48
3450.13
2622.95
1590.39
1984.48
2236.31
3306.82
2229.29
3500.47
2186.55
3380.35
1891.01
3083.89
1641.72
2430.2
2819.61
2448.77
3656.94
2160.32
2859.25
1700.75
3319.7
3000.98
2250.3
3124.36
2889.15
1815.43
3537.43
3250.83
1293.9
2241.66
935.642
2244.67
2242.06
1859.88
2363.14
1875.11
1877.38
2318.64
3050.69
2252.57
3365.19
2688.12
2654.93
3063.18
3417.78
4067.49
2639.15
1772.34
4149.45
1620.41
2150.56
2027.53
1793.8
1165.4
1606.46
4281.78
2723.04
2193.41
1718.08
2248.17
2109.58
3263.6
2071.18
1785.24
3807.8
3193.19
1234.27
1185.01
3334.78
1668.94
1784.09
2299.11
4177.77
2062.46
3652.9
2598.04
2777.14
1919.61
2271.5
4109.12
2811.17
1539.55
1916.35
4173.75
1431
1669.87
2361.55
1775.8
2762.22
3696.39
2311.58
2462.39
1610.79
1439.85
3730.69
3544.04
2300.57
2654.64
2468.21
1135.92
2037.36
1905.45
2142.81
957.504
2816.83
3799.31
1091.85
3065.81
2635.73
2438.92
1792.16
1252.72
2139.17
2810.95
1955.23
1910.24
1663.84
2077.05
2023.46
6184.51
1109.89
1817.11
2611.38
1305.31
1584.54
3530.46
4641.96
2869.71
2420.28
1982.95
2283.65
2823.64
2839.45
2472.24
1930.42
2801.64
2383.76
2332.03
2138.64
1338.63
1633.34
2521.23
2835.67
3003.31
1626.38
2370.11
3542.5
2654.82
1830.33
1030.71
2979.51
3750.12
1438.73
1650.03
3395.8
3779.29
2311.77
2490.01
2403.04
3326.05
1151.88
2606.17
2561.49
1900.48
1927.77
3704.24
1733.04
2458.87
1431.27
2295.39
2152.87
2868.46
2875.75
2056.97
1969.54
2843.22
2731.63
2234.18
1622.46
3523.26
2133.03
1316.51
1315.51
4271.55
2607.65
2580.33
1028.2
2252.02
2302.21
2123.17
1178.42
2917.9
3116.99
2239.28
3300.22
926.637
5499.89
2207.76
2264.13
3037.49
1657.35
1520.35
1670.81
2417.83
2121.87
956.722
2819.13
3005.61
1615.33
2504.68
1637.99
5249.67
2339.41
2907.12
1720.35
2071.45
1886.06
2107.13
2494.13
2446.87
2183.74
1243.11
2989.54
2785.82
1190.41
2624.36
2612.61
1751.32
801.013
1158.71
1903.74
970.364
1463.98
2833.91
2594.38
2209.73
1542.32
3596.97
1339.61
3665.18
1766.97
1049.42
3616.97
2241.88
3216.25
3328.89
3690.96
2317.42
1156.38
3595.2
3090.67
2932.13
1347.3
2896.48
3757.49
3206.44
1771.85
2197.33
2196.33
2458.77
1118.64
3130.15
1937.52
1102.8
1448.95
2049.67
2752.7
1244.21
1118.25
2535.99
3188.96
6124.19
2166.39
1253.66
3690.09
3162.61
1155.96
2667.17
2575.29
2394.95
3591.73
2140.14
2834.71
1787.2
3016.26
1567.23
1471.09
2694.02
1413.68
2047.44
2326.23
1565.72
1724.26
969.502
2998.31
2248.29
2357.94
1881.39
2769.87
2248.22
2090.93
2283.3
4412.46
1739.18
2230.23
2296.02
2568.79
1746.83
3006.47
3025.49
2249.76
3835.94
1777.17
2390.06
3883.67
3675.49
2655.4
2380.41
2551.38
2070.17
3130.68
2589.73
2067.18
2699.85
1076.11
1600.64
2368.35
2676.45
2452.44
3487.12
2774.78
3511.6
2011.9
2753.46
1918.34
2010.57
1936.35
1923.14
2719.71
3963.44
4478.17
2974.56
3404.44
3950.52
4146.2
3775.98
1990.73
1952.6
3786.6
2149.92
1892.6
3767.43
1772.89
1821.93
1043.15
2901.22
3533.25
851.59
1940.49
2302.7
862.297
3104.62
2237.01
2373.89
2622.78
2727.19
805.922
1979.3
2247.69
3714.52
1941.47
1441.97
3370.21
1144.86
2021.48
3370.88
2751.53
2494.65
3760.61
1696.06
3328.12
2062.56
1753.87
2519.5
1378.86
2233.42
2623.78
2042.44
1282.77
3401.81
2781.27
4294.02
3132.39
3694.01
2090
2216.75
1564.07
2015.52
1459.35
1534.85
1590.62
3012.13
2975.39
2671.09
3338.67
4244.83
2120.47
2281.53
2580.13
2573.06
2082.21
1892.11
1956.83
3899.75
2354.91
1655.77
1193.38
2977.95
2302.99
1288.29
2485.36
1311.03
2181.64
2551.05
1771.72
4003.92
2090.44
2575.69
2574.69
1779.37
1778.37
2868.48
1690.64
3336.51
2822.5
2587.21
1820
2371.59
2139.56
2585.87
2137.56
5424.63
1051.74
2021.11
2632.78
2925.58
3504.21
4370.44
2441.13
2371.29
2855.92
2556.49
2744.3
2668.38
1699.89
4262.2
3541.56
3540.56
2455.56
2402.21
2437.45
2377.43
2818.69
2361.34
2329.18
3667.62
2759.39
1363.26
3062.09
3047.49
3012.49
1367.87
3245.37
2992.41
1775.82
3641.68
3566.13
5179.55
2667.97
2677.18
3356.26
1345.16
2861.59
3327.09
671.021
1654.98
2104.41
2207.56
1641.04
2030.63
2126.23
795.057
1930.79
4089.4
2527.38
1380.56
1618.09
2628.66
1044.73
4225.74
2134.93
4267.68
1620.42
2059.65
3786.68
1569.14
2681.18
2312.83
1422.6
761.621
2916.63
1570.49
1021.34
2745.46
2724.84
2413.51
2825.77
3586.02
2824.46
1759.7
3831.96
763.948
1202.07
1843.54
1592.68
1927.68
1208.65
1134.74
1224.64
1727.06
2523.89
3710.7
1865.02
2338.54
1638.26
1155.14
2282.5
2591.91
2824.16
1939.45
1909.97
3315.45
2290.73
2341.89
2321.77
2426.6
3234.17
3993.75
2266.12
1348.12
3012.9
2281.81
1073.02
3815.65
4993.73
2148.02
2458.02
1586.91
1534.8
923.07
1519.82
2194.59
3830.19
2619.46
2886.37
3943.49
3039.24
3218.01
3059.2
2113.5
2476.96
1885.99
1492.29
2639.82
1009.71
2250.4
2767.82
2109.75
3045.68
4642.54
1411.8
2333.77
2842.63
3042.77
2565.29
3463.06
2712.48
1920.13
2248.31
2102.84
3679.31
2861.69
2141.88
2311.97
3488.04
2108.73
1074.64
2406.97
2016.54
2951.62
2002.94
3762.28
2868.89
2392.75
1809.22
2372.93
3125.07
1625.11
3985.99
2503.24
1117.59
2267.38
2429.65
5719.93
1758.71
1942.61
1026.07
1780.71
3249.03
1226.11
2356.98
2501.53
2509.66
2280.13
2465.12
2836.77
1377.02
2641.54
2551.22
1745.62
4433.58
2001.63
1457.34
2208.91
830.881
1195.77
1468.7
1138.68
1122.04
3709.1
2166.5
1887.7
3098.05
3183.7
3113.36
2825.43
1505.34
2214.5
2357.95
2370.95
2273.37
2524.66
1800.91
3275.39
3406.92
4512.91
1712.73
2392.23
1281.08
3057.79
2676.89
1675
3025
3278.1
1555.4
992.89
3096.05
2644.03
3360.76
2618.75
3566.84
3326.49
2602.13
2175.78
3584.55
2393.18
2363.34
3087.74
2097.28
1742.3
2625.94
2315.76
1059.81
1420.05
3425.54
3644.31
2216.39
3691.86
1064.51
2190.39
2933.1
3147.45
1762.24
1390.33
3480.52
1277.94
1391.8
2247.73
2901.34
1818.73
1691.66
1605.36
3338.34
1312.79
1232.96
1148.37
2027.39
2150.01
1932.23
2494.7
4106.02
2616.1
2498.31
3373.08
1600.68
2779.61
715.628
1147.41
2664.61
1370.54
3447.79
2027.64
1705.99
3532.91
2077.27
911.94
1973.47
1157.81
1426.34
794.314
2122.88
2233.82
1880.8
984.67
2642.09
1716.28
2980.12
4206.95
3812.96
1607.25
3946.69
4111.76
2228.62
1432.72
1770.75
2969.76
2456.63
2565.56
1311.34
3039.1
2367.12
2851.13
2397.83
3442.46
3108.69
3829.66
2740.4
3841.71
3202.13
2061.3
1355.26
2900.87
1453.86
1879.8
1583.41
2418.15
2289.97
2215.53
3609.71
1725.6
2901.18
3886.65
1373.24
1445.35
1908.33
1544.92
1147.12
1889.89
1903.83
3157.82
3154.17
1831.06
1435.42
3429.65
1880.08
2776.58
2674.32
1386.79
3694.53
2253.86
2822.06
1959.33
2918.01
4176.87
4075.85
3142.85
5378.78
2319.14
4866.57
1008.19
1989.02
2856.24
2916.39
2956.73
2121.14
1666.33
2635.59
1439.13
2124.37
1605.12
2202.36
3320.04
4658.31
2104.62
1351.57
3237.01
1918.33
2316.11
2538.48
1758.54
1866.17
3096.84
3201.87
2252.14
4049.48
2468.98
2908.31
2505.99
2163.2
1589.46
2124.23
2806.4
3048.23
2686.93
2079.4
1572.65
2757.31
2398.43
2733.47
1186.7
2231.58
2477.39
2527
3655.61
3727.52
3102.59
3526.95
2392.68
3191.84
2274.18
4845.45
2846.87
4183.81
1650.8
2873.3
1395.16
1971.61
1590.31
2478.79
1999.62
2627.74
2097.53
967.73
1941.88
1743.58
1473.49
3250.28
1478.61
2740.13
2401.02
2372.86
1162.39
1134.7
1622.2
3496.96
2383.7
1853.78
2334.97
3153.65
3202.93
3311.34
3469.95
1576.86
2162.59
2736.58
2976.51
2877.95
2263.53
2346.92
2637.67
3549.25
2620.93
1337.51
3754.71
1719.41
976.027
2066.57
4409.83
3617.95
2334.49
1885.17
3575.14
3316.08
3942.19
2547.43
4309.77
2202.01
2775.37
3104.81
2073.37
1601
4466.69
2967.89
3937.48
1590.05
4406.63
5472.19
2652.1
2024.14
2156.21
962.044
1518.53
1642.03
3193.87
1826.92
4670.02
2556.76
2641.68
3492.08
2302.73
2892.19
2849.76
1942.71
3080.5
3194.07
1908.55
1397.72
1976.46
3756.44
1826.14
3539.66
3193.43
3359.46
2568.55
864.341
3070.01
2872.4
1017.92
1081.7
3716.93
3635.11
3378.51
2923.47
2922.47
2450.52
2449.52
3125.33
3124.33
2569.07
2058.18
2353.19
2971.2
1888.72
2061.97
2363.81
3574.22
3546.96
2317.56
2630.66
3041.76
3849.15
3487.17
1551.44
1652.26
2173.71
1063.77
1032.48
2460.6
1913.75
2122.09
4125.91
1806.74
2105.6
2577.27
2576.27
2252.67
2251.67
2708.31
2707.31
1276.9
2555.01
2547.7
855.069
1682.52
1115.34
2069.56
2068.56
1516.02
2002.97
2733.98
2710.66
3042.79
3021.49
2992.65
836.737
3904.51
3874.91
3215.15
3214.15
2119.38
2422
2421
2268.67
2192.88
1951.76
3327.84
2050.02
1554.83
1740.44
1518.22
1564.8
1177.75
1625.17
3597.14
1969.41
3357.19
1241.47
3348.66
3333.16
2845.94
2844.94
2891.48
3950.67
3929.35
1914.7
3220.16
3207.34
2750.95
2644.07
1832.35
1831.35
2215.79
1451.8
2313.66
1969.3
3798.8
3797.8
2394.43
2393.43
3377.9
3144.84
1017.94
2390.05
3065.94
1406.03
2646.32
2103.36
3526.24
2794.78
5420.56
821.963
2658.17
2800.46
2960.55
3192.82
2705.43
2482.62
2082.14
3083.03
2562.68
2960.2
4023.79
1595.15
1733.62
1471.93
3304.61
3137.55
2982.71
3463.84
2604.28
2252.89
3101.42
1028.74
2435.13
2100.76
2515.51
2515.83
2418.44
3595.89
2563.57
2427.69
3844.92
2648.69
2900.8
3062.23
1633.88
1627.06
2687.96
2245.89
1239.97
2376.02
2562.71
2458.28
4530.22
3426.28
3047.64
2810.34
3237.15
2932.36
3404.34
2929.48
1947.36
2477.25
1942.13
3185.52
3525.55
1826.98
1830.73
2769.5
3238.76
2871.86
2384.88
2258.8
1951.68
2360.46
4574.91
3515.13
1192.42
2487.75
2188.63
1703.49
1786.13
2269.42
4203.26
3255.06
3533.65
2719.93
2938.94
3779.15
1601.35
2890.81
2954.7
1855.06
2745.67
3139.76
2235.65
971.298
2259.03
1374.07
1078.01
2881.9
2230.43
1692.62
1740.71
2270.16
2109.49
1334.33
3166.34
3165.34
4662.52
5010.59
2164.36
3235.93
1861.35
1586.6
2873.77
3645.12
2610.21
1884.47
1762.19
1957.84
3572.66
2523.54
1392.05
1627.79
2487.3
1548.37
2163.91
1653.68
4487.02
1396.52
2717.89
3107.22
1837.64
1292.04
1516.17
1906.23
2766.5
2517.35
2489.75
1316.71
4431.34
4001.7
5333.47
5360.05
2839.99
5530.42
2658.51
2648.01
2107.77
2735.84
3391.47
4149.39
781.703
1235.19
2609.74
1401.43
1631.57
2478.97
2766.45
1891.8
1270.17
2726.65
1501.66
2159.64
2721.99
2467.48
2793.08
2043.63
1400.32
1298.71
1277.93
3196.55
2297.16
3257.63
1700.79
1727.67
2612.38
2340.84
3943.71
2608.98
1952.62
1894.21
2336.62
2892.89
1709.91
1805.98
1084.74
1323.55
3086.96
1401.3
1161.64
3836.84
2496.78
2958.7
2183.38
2755.46
1811.7
3292.6
3790.96
1857.34
2168.83
2983.23
2657.26
3763.79
1540.04
2454.57
3929.31
2975.55
1921.38
3384.17
2568.46
3186.51
3595.02
3568.1
3821.72
3047.76
1850.27
2353.07
1200.73
1127.9
1171.37
2644.21
2361.29
2410.9
2547.56
2938.86
3015.91
1528.14
2972.83
3972.57
2989.81
2789.65
1548.48
2973.3
2891.02
3606.62
3363.18
3465.24
4480.19
3672.13
2274.45
1863.15
1390.91
3239.94
4837.93
4506.25
2391.43
1871.75
2829.28
2337.76
3998.93
3752.29
1666.63
2045.82
2671.24
2241.65
3912.74
2100.87
2778.99
1991.25
2958.29
2186.85
2276.89
1690.41
1558.28
3192.65
3350.2
1373.71
1962.23
1493.01
2641.23
3450.93
2281.11
3570.66
2062.39
4284.41
1397.15
3292.07
2431.48
3013.27
2356.89
2246.82
2032.59
2959.09
1949.51
1577.6
2134.54
3012.88
3329.8
1960.76
2330.15
2452.34
3506.1
1950.04
2197.9
2803.5
1850.58
2617.63
1846.42
2122.03
2689.44
1325.66
1147.2
3293.65
2603.63
2314.99
3573.96
2912.16
1870.03
2614.84
2634.06
3735.55
1499.42
2571.11
3444.94
2570.46
2980.67
2731.75
1516.39
3616.34
1896.71
3662.25
1591.82
2471.05
4389.26
3388.44
1444.24
2998.25
2496.35
3623.52
2987.21
1687.28
1624.65
2710.62
2644.38
2342.65
3035.45
2840.19
2351.94
2162.38
2781.88
2818.14
2399.49
2608.37
2436.84
2720.99
3037.77
2223.5
1197.04
3087.52
2137.4
1741.59
2252.54
2166.47
4057.39
2464.57
3599.72
1472.7
4382.1
4134.63
2089.61
2129.73
1276.61
2139.17
2654.99
848.391
1118.45
2436.11
2053.65
2807.66
1541.59
3474.79
2889.66
1527.42
3559.14
2872.88
1545.1
1810.44
3461.22
2003.94
2002.98
2168.7
2218.12
1789.4
1692.62
4957.84
3193.59
3044.48
1809.05
3026.33
5264.17
2890.3
1260.81
1553.1
1228.99
3030.82
3382.67
2518.18
1856.78
936.374
2228.41
1497.35
2048.97
3370.92
1948.31
2626.24
3144.19
3160.88
2397.29
2302.1
1873.53
3861.9
3900.59
1493.42
2255.62
3410.27
1672.66
2617.83
2997.14
1977.09
1899.58
1733.86
1826.4
1814.36
1452.04
3049.84
4552.63
2914.44
2162.07
4797.34
1878.74
1807.82
2870.48
3450.13
2622.95
1590.39
1984.48
2236.31
3306.82
2229.29
3500.47
2186.55
3380.35
1891.01
3083.89
1641.72
2430.2
2819.61
2448.77
3656.94
2160.32
2859.25
1700.75
3319.7
